; FBX 7.2.0 project file
; ----------------------------------------------------

FBXHeaderExtension:  {
	FBXHeaderVersion: 1003
	FBXVersion: 7200
	CreationTimeStamp:  {
		Version: 1000
		Year: 2025
		Month: 10
		Day: 18
		Hour: 17
		Minute: 42
		Second: 17
		Millisecond: 45
	}
	Creator: "FBX SDK/FBX Plugins version 2020.3.4"
	SceneInfo: "SceneInfo::GlobalInfo", "UserData" {
		Type: "UserData"
		Version: 100
		MetaData:  {
			Version: 100
			Title: ""
			Subject: ""
			Author: ""
			Keywords: ""
			Revision: ""
			Comment: ""
		}
		Properties70:  {
			P: "DocumentUrl", "KString", "Url", "", "C:\Users\USER\Downloads\ceLSHADING\WALKANIM.fbx"
			P: "SrcDocumentUrl", "KString", "Url", "", "C:\Users\USER\Downloads\ceLSHADING\WALKANIM.fbx"
			P: "Original", "Compound", "", ""
			P: "Original|ApplicationVendor", "KString", "", "", "Autodesk"
			P: "Original|ApplicationName", "KString", "", "", "3ds Max"
			P: "Original|ApplicationVersion", "KString", "", "", "2024"
			P: "Original|DateTime_GMT", "DateTime", "", "", "18/10/2025 23:42:17.044"
			P: "Original|FileName", "KString", "", "", "C:\Users\USER\Downloads\ceLSHADING\WALKANIM.fbx"
			P: "LastSaved", "Compound", "", ""
			P: "LastSaved|ApplicationVendor", "KString", "", "", "Autodesk"
			P: "LastSaved|ApplicationName", "KString", "", "", "3ds Max"
			P: "LastSaved|ApplicationVersion", "KString", "", "", "2024"
			P: "LastSaved|DateTime_GMT", "DateTime", "", "", "18/10/2025 23:42:17.044"
			P: "Original|ApplicationActiveProject", "KString", "", "", "C:\Users\USER\Documents\3ds Max 2024"
			P: "Original|ApplicationNativeFile", "KString", "", "", "C:\Users\USER\Downloads\ceLSHADING\BASE1.max"
		}
	}
}
GlobalSettings:  {
	Version: 1000
	Properties70:  {
		P: "UpAxis", "int", "Integer", "",1
		P: "UpAxisSign", "int", "Integer", "",1
		P: "FrontAxis", "int", "Integer", "",2
		P: "FrontAxisSign", "int", "Integer", "",1
		P: "CoordAxis", "int", "Integer", "",0
		P: "CoordAxisSign", "int", "Integer", "",1
		P: "OriginalUpAxis", "int", "Integer", "",2
		P: "OriginalUpAxisSign", "int", "Integer", "",1
		P: "UnitScaleFactor", "double", "Number", "",1
		P: "OriginalUnitScaleFactor", "double", "Number", "",1
		P: "AmbientColor", "ColorRGB", "Color", "",0,0,0
		P: "DefaultCamera", "KString", "", "", "Producer Perspective"
		P: "TimeMode", "enum", "", "",6
		P: "TimeProtocol", "enum", "", "",2
		P: "SnapOnFrameMode", "enum", "", "",0
		P: "TimeSpanStart", "KTime", "Time", "",0
		P: "TimeSpanStop", "KTime", "Time", "",130860781000
		P: "CustomFrameRate", "double", "Number", "",-1
		P: "TimeMarker", "Compound", "", ""
		P: "CurrentTimeMarker", "int", "Integer", "",-1
	}
}

; Documents Description
;------------------------------------------------------------------

Documents:  {
	Count: 1
	Document: 2897008741296, "", "Scene" {
		Properties70:  {
			P: "SourceObject", "object", "", ""
			P: "ActiveAnimStackName", "KString", "", "", ""
		}
		RootNode: 0
	}
}

; Document References
;------------------------------------------------------------------

References:  {
}

; Object definitions
;------------------------------------------------------------------

Definitions:  {
	Version: 100
	Count: 304
	ObjectType: "GlobalSettings" {
		Count: 1
	}
	ObjectType: "AnimationStack" {
		Count: 1
		PropertyTemplate: "FbxAnimStack" {
			Properties70:  {
				P: "Description", "KString", "", "", ""
				P: "LocalStart", "KTime", "Time", "",0
				P: "LocalStop", "KTime", "Time", "",0
				P: "ReferenceStart", "KTime", "Time", "",0
				P: "ReferenceStop", "KTime", "Time", "",0
			}
		}
	}
	ObjectType: "AnimationLayer" {
		Count: 1
		PropertyTemplate: "FbxAnimLayer" {
			Properties70:  {
				P: "Weight", "Number", "", "A",100
				P: "Mute", "bool", "", "",0
				P: "Solo", "bool", "", "",0
				P: "Lock", "bool", "", "",0
				P: "Color", "ColorRGB", "Color", "",0.8,0.8,0.8
				P: "BlendMode", "enum", "", "",0
				P: "RotationAccumulationMode", "enum", "", "",0
				P: "ScaleAccumulationMode", "enum", "", "",0
				P: "BlendModeBypass", "ULongLong", "", "",0
			}
		}
	}
	ObjectType: "Model" {
		Count: 19
		PropertyTemplate: "FbxNode" {
			Properties70:  {
				P: "QuaternionInterpolate", "enum", "", "",0
				P: "RotationOffset", "Vector3D", "Vector", "",0,0,0
				P: "RotationPivot", "Vector3D", "Vector", "",0,0,0
				P: "ScalingOffset", "Vector3D", "Vector", "",0,0,0
				P: "ScalingPivot", "Vector3D", "Vector", "",0,0,0
				P: "TranslationActive", "bool", "", "",0
				P: "TranslationMin", "Vector3D", "Vector", "",0,0,0
				P: "TranslationMax", "Vector3D", "Vector", "",0,0,0
				P: "TranslationMinX", "bool", "", "",0
				P: "TranslationMinY", "bool", "", "",0
				P: "TranslationMinZ", "bool", "", "",0
				P: "TranslationMaxX", "bool", "", "",0
				P: "TranslationMaxY", "bool", "", "",0
				P: "TranslationMaxZ", "bool", "", "",0
				P: "RotationOrder", "enum", "", "",0
				P: "RotationSpaceForLimitOnly", "bool", "", "",0
				P: "RotationStiffnessX", "double", "Number", "",0
				P: "RotationStiffnessY", "double", "Number", "",0
				P: "RotationStiffnessZ", "double", "Number", "",0
				P: "AxisLen", "double", "Number", "",10
				P: "PreRotation", "Vector3D", "Vector", "",0,0,0
				P: "PostRotation", "Vector3D", "Vector", "",0,0,0
				P: "RotationActive", "bool", "", "",0
				P: "RotationMin", "Vector3D", "Vector", "",0,0,0
				P: "RotationMax", "Vector3D", "Vector", "",0,0,0
				P: "RotationMinX", "bool", "", "",0
				P: "RotationMinY", "bool", "", "",0
				P: "RotationMinZ", "bool", "", "",0
				P: "RotationMaxX", "bool", "", "",0
				P: "RotationMaxY", "bool", "", "",0
				P: "RotationMaxZ", "bool", "", "",0
				P: "InheritType", "enum", "", "",0
				P: "ScalingActive", "bool", "", "",0
				P: "ScalingMin", "Vector3D", "Vector", "",0,0,0
				P: "ScalingMax", "Vector3D", "Vector", "",1,1,1
				P: "ScalingMinX", "bool", "", "",0
				P: "ScalingMinY", "bool", "", "",0
				P: "ScalingMinZ", "bool", "", "",0
				P: "ScalingMaxX", "bool", "", "",0
				P: "ScalingMaxY", "bool", "", "",0
				P: "ScalingMaxZ", "bool", "", "",0
				P: "GeometricTranslation", "Vector3D", "Vector", "",0,0,0
				P: "GeometricRotation", "Vector3D", "Vector", "",0,0,0
				P: "GeometricScaling", "Vector3D", "Vector", "",1,1,1
				P: "MinDampRangeX", "double", "Number", "",0
				P: "MinDampRangeY", "double", "Number", "",0
				P: "MinDampRangeZ", "double", "Number", "",0
				P: "MaxDampRangeX", "double", "Number", "",0
				P: "MaxDampRangeY", "double", "Number", "",0
				P: "MaxDampRangeZ", "double", "Number", "",0
				P: "MinDampStrengthX", "double", "Number", "",0
				P: "MinDampStrengthY", "double", "Number", "",0
				P: "MinDampStrengthZ", "double", "Number", "",0
				P: "MaxDampStrengthX", "double", "Number", "",0
				P: "MaxDampStrengthY", "double", "Number", "",0
				P: "MaxDampStrengthZ", "double", "Number", "",0
				P: "PreferedAngleX", "double", "Number", "",0
				P: "PreferedAngleY", "double", "Number", "",0
				P: "PreferedAngleZ", "double", "Number", "",0
				P: "LookAtProperty", "object", "", ""
				P: "UpVectorProperty", "object", "", ""
				P: "Show", "bool", "", "",1
				P: "NegativePercentShapeSupport", "bool", "", "",1
				P: "DefaultAttributeIndex", "int", "Integer", "",-1
				P: "Freeze", "bool", "", "",0
				P: "LODBox", "bool", "", "",0
				P: "Lcl Translation", "Lcl Translation", "", "A",0,0,0
				P: "Lcl Rotation", "Lcl Rotation", "", "A",0,0,0
				P: "Lcl Scaling", "Lcl Scaling", "", "A",1,1,1
				P: "Visibility", "Visibility", "", "A",1
				P: "Visibility Inheritance", "Visibility Inheritance", "", "",1
			}
		}
	}
	ObjectType: "Geometry" {
		Count: 3
		PropertyTemplate: "FbxMesh" {
			Properties70:  {
				P: "Color", "ColorRGB", "Color", "",0.8,0.8,0.8
				P: "BBoxMin", "Vector3D", "Vector", "",0,0,0
				P: "BBoxMax", "Vector3D", "Vector", "",0,0,0
				P: "Primary Visibility", "bool", "", "",1
				P: "Casts Shadows", "bool", "", "",1
				P: "Receive Shadows", "bool", "", "",1
			}
		}
	}
	ObjectType: "NodeAttribute" {
		Count: 16
		PropertyTemplate: "FbxNull" {
			Properties70:  {
				P: "Color", "ColorRGB", "Color", "",0.8,0.8,0.8
				P: "Size", "double", "Number", "",100
				P: "Look", "enum", "", "",1
			}
		}
	}
	ObjectType: "AnimationCurve" {
		Count: 171
	}
	ObjectType: "AnimationCurveNode" {
		Count: 57
		PropertyTemplate: "FbxAnimCurveNode" {
			Properties70:  {
				P: "d", "Compound", "", ""
			}
		}
	}
	ObjectType: "Deformer" {
		Count: 34
	}
	ObjectType: "Pose" {
		Count: 1
	}
}

; Object properties
;------------------------------------------------------------------

Objects:  {
	Model: 2897426854400, "Model::Msh_Head", "Mesh" {
		Version: 232
		Properties70:  {
			P: "PreRotation", "Vector3D", "Vector", "",-90,-0,0
			P: "RotationActive", "bool", "", "",1
			P: "InheritType", "enum", "", "",1
			P: "ScalingMax", "Vector3D", "Vector", "",0,0,0
			P: "DefaultAttributeIndex", "int", "Integer", "",0
			P: "Lcl Translation", "Lcl Translation", "", "A+",0,48.0200576782227,-0
			P: "MaxHandle", "int", "Integer", "UH",3
		}
		Shading: T
		Culling: "CullingOff"
	}
	Model: 2897426858784, "Model::Msh_Body", "Mesh" {
		Version: 232
		Properties70:  {
			P: "PreRotation", "Vector3D", "Vector", "",-90,-0,0
			P: "RotationActive", "bool", "", "",1
			P: "InheritType", "enum", "", "",1
			P: "ScalingMax", "Vector3D", "Vector", "",0,0,0
			P: "DefaultAttributeIndex", "int", "Integer", "",0
			P: "Lcl Translation", "Lcl Translation", "", "A+",0,15.600040435791,-0
			P: "MaxHandle", "int", "Integer", "UH",9
		}
		Shading: T
		Culling: "CullingOff"
	}
	Model: 2897426860976, "Model::Character001", "Null" {
		Version: 232
		Properties70:  {
			P: "PreRotation", "Vector3D", "Vector", "",-90,-0,0
			P: "RotationActive", "bool", "", "",1
			P: "InheritType", "enum", "", "",1
			P: "ScalingMax", "Vector3D", "Vector", "",0,0,0
			P: "Show", "bool", "", "",0
			P: "DefaultAttributeIndex", "int", "Integer", "",0
			P: "Lcl Rotation", "Lcl Rotation", "", "A+",-179.999991348579,-89.9999906653324,0
			P: "MaxHandle", "int", "Integer", "UH",37
			P: "CATLengthAxis", "int", "Integer", "UH",0
		}
		Shading: T
		Culling: "CullingOff"
	}
	Model: 2895203639984, "Model::CATRigHub002", "LimbNode" {
		Version: 232
		Properties70:  {
			P: "PreRotation", "Vector3D", "Vector", "",-90,-0,0
			P: "RotationActive", "bool", "", "",1
			P: "InheritType", "enum", "", "",1
			P: "ScalingMax", "Vector3D", "Vector", "",0,0,0
			P: "DefaultAttributeIndex", "int", "Integer", "",0
			P: "Lcl Translation", "Lcl Translation", "", "A+",-2.1600499167107e-12,7.91906309127808,-2.37915325164795
			P: "Lcl Rotation", "Lcl Rotation", "", "A+",179.999991348578,-89.999982013911,0
			P: "MaxHandle", "int", "Integer", "UH",39
		}
		Shading: T
		Culling: "CullingOff"
	}
	Model: 2895203642176, "Model::CATRigSpine1", "LimbNode" {
		Version: 232
		Properties70:  {
			P: "InheritType", "enum", "", "",1
			P: "ScalingMax", "Vector3D", "Vector", "",0,0,0
			P: "DefaultAttributeIndex", "int", "Integer", "",0
			P: "Lcl Rotation", "Lcl Rotation", "", "A+",1.02293756946653e-07,1.32647206346614e-06,8.81959938368325
			P: "MaxHandle", "int", "Integer", "UH",41
		}
		Shading: T
		Culling: "CullingOff"
	}
	Model: 2895203644368, "Model::CATRigSpine2", "LimbNode" {
		Version: 232
		Properties70:  {
			P: "InheritType", "enum", "", "",1
			P: "ScalingMax", "Vector3D", "Vector", "",0,0,0
			P: "DefaultAttributeIndex", "int", "Integer", "",0
			P: "Lcl Translation", "Lcl Translation", "", "A+",8.50140380859375,0,-4.12114786740858e-13
			P: "Lcl Rotation", "Lcl Rotation", "", "A+",5.97944280114982e-13,-3.663998993045e-12,-4.18349086663207e-05
			P: "MaxHandle", "int", "Integer", "UH",42
		}
		Shading: T
		Culling: "CullingOff"
	}
	Model: 2895203648752, "Model::CATRigChest", "LimbNode" {
		Version: 232
		Properties70:  {
			P: "InheritType", "enum", "", "",1
			P: "ScalingMax", "Vector3D", "Vector", "",0,0,0
			P: "DefaultAttributeIndex", "int", "Integer", "",0
			P: "Lcl Translation", "Lcl Translation", "", "A+",8.5014009475708,0,-4.2632564145606e-13
			P: "Lcl Rotation", "Lcl Rotation", "", "A+",1.02295193958993e-07,-1.32645851926619e-06,-8.81955699619997
			P: "MaxHandle", "int", "Integer", "UH",40
		}
		Shading: T
		Culling: "CullingOff"
	}
	Model: 2897429527552, "Model::CATRigLArmCollarbone", "LimbNode" {
		Version: 232
		Properties70:  {
			P: "InheritType", "enum", "", "",1
			P: "ScalingMax", "Vector3D", "Vector", "",0,0,0
			P: "DefaultAttributeIndex", "int", "Integer", "",0
			P: "Lcl Translation", "Lcl Translation", "", "A+",2.25742149353027,1.63645899295807,2.09773969650269
			P: "Lcl Rotation", "Lcl Rotation", "", "A+",152.878362756813,-33.3048861124796,-160.645311796772
			P: "MaxHandle", "int", "Integer", "UH",46
		}
		Shading: T
		Culling: "CullingOff"
	}
	Model: 2897429501248, "Model::CATRigLArm1", "LimbNode" {
		Version: 232
		Properties70:  {
			P: "InheritType", "enum", "", "",1
			P: "ScalingMax", "Vector3D", "Vector", "",0,0,0
			P: "DefaultAttributeIndex", "int", "Integer", "",0
			P: "Lcl Translation", "Lcl Translation", "", "A+",5.90815448760986,-1.19209289550781e-07,0
			P: "Lcl Rotation", "Lcl Rotation", "", "A+",16.2719161837111,-10.6574531613585,11.7040291692553
			P: "Lcl Scaling", "Lcl Scaling", "", "A+",0.999999,1.000001,1
			P: "MaxHandle", "int", "Integer", "UH",48
		}
		Shading: T
		Culling: "CullingOff"
	}
	Model: 2897429520976, "Model::CATRigLArm2", "LimbNode" {
		Version: 232
		Properties70:  {
			P: "InheritType", "enum", "", "",1
			P: "ScalingMax", "Vector3D", "Vector", "",0,0,0
			P: "DefaultAttributeIndex", "int", "Integer", "",0
			P: "Lcl Translation", "Lcl Translation", "", "A+",6.84456443786621,-2.98023223876953e-08,0
			P: "Lcl Rotation", "Lcl Rotation", "", "A+",-0.191867589478916,2.19717193660909,3.52298286142295
			P: "Lcl Scaling", "Lcl Scaling", "", "A+",0.999997,1.000003,1
			P: "MaxHandle", "int", "Integer", "UH",49
		}
		Shading: T
		Culling: "CullingOff"
	}
	Model: 2897429507824, "Model::CATRigLArmPalm", "LimbNode" {
		Version: 232
		Properties70:  {
			P: "InheritType", "enum", "", "",1
			P: "ScalingMax", "Vector3D", "Vector", "",0,0,0
			P: "DefaultAttributeIndex", "int", "Integer", "",0
			P: "Lcl Translation", "Lcl Translation", "", "A+",7.93141794204712,-2.98023223876953e-08,0
			P: "Lcl Rotation", "Lcl Rotation", "", "A+",-13.0317789908484,-2.76492636690776,0.345604242590557
			P: "Lcl Scaling", "Lcl Scaling", "", "A+",0.999992,1.000009,0.999999
			P: "MaxHandle", "int", "Integer", "UH",47
		}
		Shading: T
		Culling: "CullingOff"
	}
	Model: 2897429523168, "Model::CATRigRArmCollarbone", "LimbNode" {
		Version: 232
		Properties70:  {
			P: "InheritType", "enum", "", "",1
			P: "ScalingMax", "Vector3D", "Vector", "",0,0,0
			P: "DefaultAttributeIndex", "int", "Integer", "",0
			P: "Lcl Translation", "Lcl Translation", "", "A+",2.25742149353027,1.63645899295807,-2.09773969650269
			P: "Lcl Rotation", "Lcl Rotation", "", "A+",-153.180871609615,32.5788048566322,-160.809819225514
			P: "MaxHandle", "int", "Integer", "UH",52
		}
		Shading: T
		Culling: "CullingOff"
	}
	Model: 2897429514400, "Model::CATRigRArm1", "LimbNode" {
		Version: 232
		Properties70:  {
			P: "InheritType", "enum", "", "",1
			P: "ScalingMax", "Vector3D", "Vector", "",0,0,0
			P: "DefaultAttributeIndex", "int", "Integer", "",0
			P: "Lcl Translation", "Lcl Translation", "", "A+",5.9081563949585,-1.19209289550781e-07,0
			P: "Lcl Rotation", "Lcl Rotation", "", "A+",-16.6043683281806,14.0235765453413,10.6913596711193
			P: "Lcl Scaling", "Lcl Scaling", "", "A+",0.999999,1.000001,1
			P: "MaxHandle", "int", "Integer", "UH",50
		}
		Shading: T
		Culling: "CullingOff"
	}
	Model: 2897429512208, "Model::CATRigRArm2", "LimbNode" {
		Version: 232
		Properties70:  {
			P: "InheritType", "enum", "", "",1
			P: "ScalingMax", "Vector3D", "Vector", "",0,0,0
			P: "DefaultAttributeIndex", "int", "Integer", "",0
			P: "Lcl Translation", "Lcl Translation", "", "A+",6.84456443786621,-2.98023223876953e-08,0
			P: "Lcl Rotation", "Lcl Rotation", "", "A+",0.191875716716643,-2.19718560355555,3.52297914230388
			P: "Lcl Scaling", "Lcl Scaling", "", "A+",1.000003,0.999997,1
			P: "MaxHandle", "int", "Integer", "UH",51
		}
		Shading: T
		Culling: "CullingOff"
	}
	Model: 2897429525360, "Model::CATRigRArmPalm", "LimbNode" {
		Version: 232
		Properties70:  {
			P: "InheritType", "enum", "", "",1
			P: "ScalingMax", "Vector3D", "Vector", "",0,0,0
			P: "DefaultAttributeIndex", "int", "Integer", "",0
			P: "Lcl Translation", "Lcl Translation", "", "A+",7.9314169883728,2.98023223876953e-08,-9.5367431640625e-07
			P: "Lcl Rotation", "Lcl Rotation", "", "A+",13.0317091380472,2.76493183824521,0.34561754058135
			P: "Lcl Scaling", "Lcl Scaling", "", "A+",1.000008,0.999991,1.000001
			P: "MaxHandle", "int", "Integer", "UH",53
		}
		Shading: T
		Culling: "CullingOff"
	}
	Model: 2897429503440, "Model::CATRigSpine1", "LimbNode" {
		Version: 232
		Properties70:  {
			P: "InheritType", "enum", "", "",1
			P: "ScalingMax", "Vector3D", "Vector", "",0,0,0
			P: "DefaultAttributeIndex", "int", "Integer", "",0
			P: "Lcl Rotation", "Lcl Rotation", "", "A+",-8.14221124889227e-13,-9.94150464970124e-14,-3.25688799381864e-12
			P: "MaxHandle", "int", "Integer", "UH",61
		}
		Shading: T
		Culling: "CullingOff"
	}
	Model: 2897429518784, "Model::CATRigDONTUSE", "LimbNode" {
		Version: 232
		Properties70:  {
			P: "InheritType", "enum", "", "",1
			P: "ScalingMax", "Vector3D", "Vector", "",0,0,0
			P: "DefaultAttributeIndex", "int", "Integer", "",0
			P: "Lcl Translation", "Lcl Translation", "", "A+",12.5864372253418,0,-6.25277607468888e-13
			P: "Lcl Rotation", "Lcl Rotation", "", "A+",-8.1422199845466e-13,2.7158246651055e-12,-1.62844399690932e-12
			P: "MaxHandle", "int", "Integer", "UH",62
		}
		Shading: T
		Culling: "CullingOff"
	}
	Model: 2897429510016, "Model::CATRigHead", "LimbNode" {
		Version: 232
		Properties70:  {
			P: "InheritType", "enum", "", "",1
			P: "ScalingMax", "Vector3D", "Vector", "",0,0,0
			P: "DefaultAttributeIndex", "int", "Integer", "",0
			P: "Lcl Translation", "Lcl Translation", "", "A+",19.1856842041016,0,-9.09494701772928e-13
			P: "Lcl Rotation", "Lcl Rotation", "", "A+",8.1422199845466e-13,4.94138305496789e-12,1.62844399690932e-12
			P: "MaxHandle", "int", "Integer", "UH",60
		}
		Shading: T
		Culling: "CullingOff"
	}
	Model: 2897429499056, "Model::Msh_Chip", "Mesh" {
		Version: 232
		Properties70:  {
			P: "PreRotation", "Vector3D", "Vector", "",-90,-0,0
			P: "RotationActive", "bool", "", "",1
			P: "InheritType", "enum", "", "",1
			P: "ScalingMax", "Vector3D", "Vector", "",0,0,0
			P: "Show", "bool", "", "",0
			P: "DefaultAttributeIndex", "int", "Integer", "",0
			P: "Lcl Translation", "Lcl Translation", "", "A+",-23.629077911377,21.0083389282227,2.49310493469238
			P: "Lcl Rotation", "Lcl Rotation", "", "A+",11.6910233857589,20.3502755970345,173.909921632796
			P: "Lcl Scaling", "Lcl Scaling", "", "A+",0.999992,0.999997,1.000011
			P: "MaxHandle", "int", "Integer", "UH",10
		}
		Shading: T
		Culling: "CullingOff"
	}
	Pose: 2897427708736, "Pose::BIND_POSES", "BindPose" {
		Type: "BindPose"
		Version: 100
		NbPoseNodes: 17
		PoseNode:  {
			Node: 2897426854400
			Matrix: *16 {
				a: 1,0,0,0,0,0,-1,0,0,1,0,0,0,48.0200576782227,0,1
			} 
		}
		PoseNode:  {
			Node: 2897426858784
			Matrix: *16 {
				a: 1,0,0,0,0,0,-1,0,0,1,0,0,0,15.600040435791,0,1
			} 
		}
		PoseNode:  {
			Node: 2895203639984
			Matrix: *16 {
				a: -5.11434868251132e-14,1,-1.62920684942947e-07,0,1.50995788317232e-07,1.62920684942947e-07,1,0,1,2.65431495955881e-14,-1.50995788317232e-07,0,-2.1600499167107e-12,7.91906309127808,-2.37915325164795,1
			} 
		}
		PoseNode:  {
			Node: 2895203642176
			Matrix: *16 {
				a: -3.34320007929715e-15,0.988175988197327,0.153323709964752,0,1.50995816738941e-07,-0.153323709964752,0.988175988197327,0,1,2.31512675696877e-08,-1.49210436006797e-07,0,-2.1600499167107e-12,7.91906309127808,-2.37915325164795,1
			} 
		}
		PoseNode:  {
			Node: 2895203644368
			Matrix: *16 {
				a: -3.3431871620447e-15,0.988176107406616,0.153322979807854,0,1.50995816738941e-07,-0.153322979807854,0.988176107406616,0,1,2.31511556592068e-08,-1.49210464428506e-07,0,-2.18847184298154e-12,16.3199443817139,-1.07568657398224,1
			} 
		}
		PoseNode:  {
			Node: 2895203648752
			Matrix: *16 {
				a: -5.11434868251132e-14,1,-1.62920684942947e-07,0,1.50995788317232e-07,1.62920684942947e-07,1,0,1,2.65431495955881e-14,-1.50995788317232e-07,0,-2.21689355241195e-12,24.7208271026611,0.227773785591125,1
			} 
		}
		PoseNode:  {
			Node: 2897429527552
			Matrix: *16 {
				a: 0.88164097070694,-0.382085651159286,-0.276983350515366,0,0.355015933513641,0.150290846824646,0.922700583934784,0,-0.310922533273697,-0.911824107170105,0.268149107694626,0,2.09774017333984,26.9782485961914,1.86423206329346,1
			} 
		}
		PoseNode:  {
			Node: 2897429501248
			Matrix: *16 {
				a: 0.965035021305084,-0.260033965110779,-0.0330106019973755,0,0.0316059626638889,-0.0095689669251442,0.99945455789566,0,-0.260207831859589,-0.965551972389221,-0.00101724697742611,0,7.30661249160767,24.7208271026611,0.227771282196045,1
			} 
		}
		PoseNode:  {
			Node: 2897429520976
			Matrix: *16 {
				a: 0.974420547485352,-0.222920969128609,0.0284852366894484,0,-0.0270072165876627,0.00969238206744194,0.999587655067444,0,-0.223105803132057,-0.974787950515747,0.0034223988186568,0,13.9118576049805,22.9410076141357,0.00182807445526123,1
			} 
		}
		PoseNode:  {
			Node: 2897429507824
			Matrix: *16 {
				a: 0.962343156337738,-0.269621938467026,0.034640409052372,0,0.0288101024925709,0.227877736091614,0.973263204097748,0,-0.270306348800659,-0.935615003108978,0.227063611149788,0,21.6403942108154,21.1729278564453,0.227756395936012,1
			} 
		}
		PoseNode:  {
			Node: 2897429523168
			Matrix: *16 {
				a: -0.881641149520874,-0.382085591554642,-0.276983022689819,0,-0.355015724897385,0.150290861725807,0.922700703144073,0,-0.310922622680664,0.911824107170105,-0.268148928880692,0,-2.09773969650269,26.9782485961914,1.86423277854919,1
			} 
		}
		PoseNode:  {
			Node: 2897429514400
			Matrix: *16 {
				a: -0.965035200119019,-0.260033935308456,-0.0330068469047546,0,-0.0316086187958717,-0.00957129988819361,0.999454379081726,0,-0.26020821928978,0.965552031993866,0.00101584335789084,0,-7.30661296844482,24.7208271026611,0.227773904800415,1
			} 
		}
		PoseNode:  {
			Node: 2897429512208
			Matrix: *16 {
				a: -0.974420130252838,-0.22292172908783,0.028493570163846,0,0.0270004998892546,0.00968697480857372,0.999587833881378,0,-0.223105520009995,0.974788308143616,-0.00342605612240732,0,-13.9118595123291,22.9410076141357,0.00185640156269073,1
			} 
		}
		PoseNode:  {
			Node: 2897429525360
			Matrix: *16 {
				a: -0.962343335151672,-0.269621342420578,0.0346465669572353,0,-0.0288148820400238,0.22787369787693,0.973262369632721,0,-0.270306468009949,0.935616135597229,-0.227066099643707,0,-21.6403923034668,21.1729221343994,0.227850809693336,1
			} 
		}
		PoseNode:  {
			Node: 2897429503440
			Matrix: *16 {
				a: 0,1,-1.62920699153801e-07,0,1.50995802528087e-07,1.62920699153801e-07,1,0,1,0,-1.50995802528087e-07,0,-2.21689355241195e-12,24.7208271026611,0.227773785591125,1
			} 
		}
		PoseNode:  {
			Node: 2897429518784
			Matrix: *16 {
				a: 0,1,-1.62920699153801e-07,0,1.50995802528087e-07,1.62920699153801e-07,1,0,1,0,-1.50995802528087e-07,0,-2.21689355241195e-12,37.3072662353516,0.227771729230881,1
			} 
		}
		PoseNode:  {
			Node: 2897429510016
			Matrix: *16 {
				a: -5.11434868251132e-14,1,-1.62920684942947e-07,0,1.50995788317232e-07,1.62920684942947e-07,1,0,1,2.65431495955881e-14,-1.50995788317232e-07,0,-2.21689355241195e-12,56.4929504394531,0.22776859998703,1
			} 
		}
	}
	Deformer: 2897427715952, "Deformer::", "Skin" {
		Version: 101
		Link_DeformAcuracy: 50
		SkinningType: "Blend"
		Indexes: *90 {
			a: 0,1,2,3,4,5,6,7,8,9,10,11,12,13,14,15,16,17,18,19,20,21,22,23,24,25,26,27,28,29,30,31,32,33,34,35,36,37,38,39,40,41,42,43,44,45,46,47,48,49,50,51,52,53,54,55,56,57,58,59,60,61,62,63,64,65,66,67,68,69,70,71,72,73,74,75,76,77,78,79,80,81,82,83,84,85,86,87,88,89
		} 
		BlendWeights: *90 {
			a: 0,0,0,0,0,0,0,0,0,0,0,0,0,0,0,0,0,0,0,0,0,0,0,0,0,0,0,0,0,0,0,0,0,0,0,0,0,0,0,0,0,0,0,0,0,0,0,0,0,0,0,0,0,0,0,0,0,0,0,0,0,0,0,0,0,0,0,0,0,0,0,0,0,0,0,0,0,0,0,0,0,0,0,0,0,0,0,0,0,0
		} 
	}
	Deformer: 2897427714544, "Deformer::", "Skin" {
		Version: 101
		Link_DeformAcuracy: 50
		SkinningType: "Blend"
		Indexes: *325 {
			a: 0,1,2,3,4,5,6,7,8,9,10,11,12,13,14,15,16,17,18,19,20,21,22,23,24,25,26,27,28,29,30,31,32,33,34,35,36,37,38,39,40,41,42,43,44,45,46,47,48,49,50,51,52,53,54,55,56,57,58,59,60,61,62,63,64,65,66,67,68,69,70,71,72,73,74,75,76,77,78,79,80,81,82,83,84,85,86,87,88,89,90,91,92,93,94,95,96,97,98,99,100,101,102,103,104,105,106,107,108,109,110,111,112,113,114,115,116,117,118,119,120,121,122,123,124,125,126,127,128,129,130,131,132,133,134,135,136,137,138,139,140,141,142,143,144,145,146,147,148,149,150,151,152,153,154,155,156,157,158,159,160,161,162,163,164,165,166,167,168,169,170,171,172,173,174,175,176,177,178,179,180,181,182,183,184,185,186,187,188,189,190,191,192,193,194,195,196,197,198,199,200,201,202,203,204,205,206,207,208,209,210,211,212,213,214,215,216,217,218,219,220,221,222,223,224,225,226,227,228,229,230,231,232,233,234,235,236,237,238,239,240,241,242,243,244,245,246,247,248,249,250,251,252,253,254,255,256,257,258,259,260,261,262,263,264,265,266,267,268,269,270,271,272,273,274,275,276,277,278,279,280,281,282,283,284,285,286,287,288,289,290,291,292,293,294,295,296,297,298,299,300,301,302,303,304,305,306,307,308,309,310,311,312,313,314,315,316,317,318,319,320,321,322,323,324
		} 
		BlendWeights: *325 {
			a: 0,0,0,0,0,0,0,0,0,0,0,0,0,0,0,0,0,0,0,0,0,0,0,0,0,0,0,0,0,0,0,0,0,0,0,0,0,0,0,0,0,0,0,0,0,0,0,0,0,0,0,0,0,0,0,0,0,0,0,0,0,0,0,0,0,0,0,0,0,0,0,0,0,0,0,0,0,0,0,0,0,0,0,0,0,0,0,0,0,0,0,0,0,0,0,0,0,0,0,0,0,0,0,0,0,0,0,0,0,0,0,0,0,0,0,0,0,0,0,0,0,0,0,0,0,0,0,0,0,0,0,0,0,0,0,0,0,0,0,0,0,0,0,0,0,0,0,0,0,0,0,0,0,0,0,0,0,0,0,0,0,0,0,0,0,0,0,0,0,0,0,0,0,0,0,0,0,0,0,0,0,0,0,0,0,0,0,0,0,0,0,0,0,0,0,0,0,0,0,0,0,0,0,0,0,0,0,0,0,0,0,0,0,0,0,0,0,0,0,0,0,0,0,0,0,0,0,0,0,0,0,0,0,0,0,0,0,0,0,0,0,0,0,0,0,0,0,0,0,0,0,0,0,0,0,0,0,0,0,0,0,0,0,0,0,0,0,0,0,0,0,0,0,0,0,0,0,0,0,0,0,0,0,0,0,0,0,0,0,0,0,0,0,0,0,0,0,0,0,0,0,0,0,0,0,0,0,0,0,0,0,0,0,0,0,0,0,0,0,0,0,0,0,0,0
		} 
	}
	Deformer: 2896011022896, "SubDeformer::", "Cluster" {
		Version: 100
		UserData: "", ""
		Transform: *16 {
			a: 1.62920684560087e-07,1.50995788033949e-07,0.999999999999964,0,6.12323399573629e-17,-0.999999999999964,1.50995788033953e-07,0,0.999999999999973,-2.4539104812224e-14,-1.62920684560085e-07,0,40.1009945869435,2.37915325164688,-6.89252144968149e-06,1
		} 
		TransformLink: *16 {
			a: 1.62920684560091e-07,1,0,0,1.50995788033956e-07,-2.46003371521825e-14,1.00000000000001,0,0.999999999999986,-1.62920684560089e-07,-1.50995788033956e-07,0,-2.1600499167107e-12,7.91906309127808,-2.37915325164795,1
		} 
	}
	Deformer: 2896011030992, "SubDeformer::", "Cluster" {
		Version: 100
		UserData: "", ""
		Transform: *16 {
			a: -3.23077905407815e-15,1.50995982856926e-07,0.999999999999977,0,-0.153323718598852,-0.988176043844345,1.49210604078115e-07,0,0.988176043844367,-0.153323718598849,2.31512674739763e-08,0,39.9916228088105,-3.79741136166978,5.73396117831947e-07,1
		} 
		TransformLink: *16 {
			a: -3.23077887538816e-15,0.988175988197327,0.153323709964752,0,1.50995974353911e-07,-0.153323709964752,0.988175988197326,0,1,2.31512674739769e-08,-1.49210604078118e-07,0,-2.1600499167107e-12,7.91906309127808,-2.37915325164795,1
		} 
	}
	Deformer: 2896011031728, "SubDeformer::", "Cluster" {
		Version: 100
		UserData: "", ""
		Transform: *16 {
			a: -3.23077941001817e-15,1.50995972203685e-07,0.999999999999978,0,-0.153322986648136,-0.988176151492638,1.49210611550962e-07,0,0.98817615149266,-0.153322986648133,2.31511555898318e-08,0,31.4902234374456,-3.79738822881484,5.73392592073565e-07,1
		} 
		TransformLink: *16 {
			a: -3.23077926513539e-15,0.988176107406616,0.153322979807854,0,1.50995965467222e-07,-0.153322979807854,0.988176107406616,0,1,2.31511555898323e-08,-1.49210611550965e-07,0,-2.18847184298154e-12,16.3199443817139,-1.07568657398224,1
		} 
	}
	Deformer: 2896011032464, "SubDeformer::", "Cluster" {
		Version: 100
		UserData: "", ""
		Transform: *16 {
			a: 1.62920684560087e-07,1.50995788033949e-07,0.999999999999964,0,6.12323399573629e-17,-0.999999999999964,1.50995788033953e-07,0,0.999999999999973,-2.4539104812224e-14,-1.62920684560085e-07,0,23.2992305755609,-0.227773785591691,-3.76153149595139e-06,1
		} 
		TransformLink: *16 {
			a: 1.62920684560091e-07,1,0,0,1.50995788033956e-07,-2.46003371521825e-14,1.00000000000001,0,0.999999999999986,-1.62920684560089e-07,-1.50995788033956e-07,0,-2.21689355241195e-12,24.7208271026611,0.227773785591125,1
		} 
	}
	Deformer: 2896011023632, "SubDeformer::", "Cluster" {
		Version: 100
		UserData: "", ""
		Indexes: *5 {
			a: 8,17,21,60,68
		} 
		Weights: *5 {
			a: 0.100000001490116,0.100000001490116,0.100000001490116,0.100000001490116,0.100000001490116
		} 
		Transform: *16 {
			a: 1.62920699215031e-07,1.50995802688893e-07,0.999999999999964,0,6.12323399573629e-17,-0.999999999999964,1.50995802688897e-07,0,0.999999999999973,-2.45391094126525e-14,-1.62920699215029e-07,0,23.2992305755609,-0.227773785591691,-3.7615318340623e-06,1
		} 
		TransformLink: *16 {
			a: 1.62920699215035e-07,1,0,0,1.509958026889e-07,-2.46003417526111e-14,1.00000000000001,0,0.999999999999986,-1.62920699215033e-07,-1.509958026889e-07,0,-2.21689355241195e-12,24.7208271026611,0.227773785591125,1
		} 
	}
	Deformer: 2896790128736, "SubDeformer::", "Cluster" {
		Version: 100
		UserData: "", ""
		Transform: *16 {
			a: 1.62920699215031e-07,1.50995802688893e-07,0.999999999999964,0,6.12323399573629e-17,-0.999999999999964,1.50995802688897e-07,0,0.999999999999973,-2.45391094126525e-14,-1.62920699215029e-07,0,10.7127914428708,-0.227771729231136,-1.71094068043873e-06,1
		} 
		TransformLink: *16 {
			a: 1.62920699215035e-07,1,0,0,1.509958026889e-07,-2.46003417526111e-14,1.00000000000001,0,0.999999999999986,-1.62920699215033e-07,-1.509958026889e-07,0,-2.21689355241195e-12,37.3072662353516,0.227771729230881,1
		} 
	}
	Deformer: 2896790130208, "SubDeformer::", "Cluster" {
		Version: 100
		UserData: "", ""
		Indexes: *90 {
			a: 0,1,2,3,4,5,6,7,8,9,10,11,12,13,14,15,16,17,18,19,20,21,22,23,24,25,26,27,28,29,30,31,32,33,34,35,36,37,38,39,40,41,42,43,44,45,46,47,48,49,50,51,52,53,54,55,56,57,58,59,60,61,62,63,64,65,66,67,68,69,70,71,72,73,74,75,76,77,78,79,80,81,82,83,84,85,86,87,88,89
		} 
		Weights: *90 {
			a: 1,1,1,1,1,1,1,1,0.899999976158142,1,1,1,1,1,1,1,1,0.899999976158142,1,1,1,0.899999976158142,1,1,1,1,1,1,1,1,1,1,1,1,1,1,1,1,1,1,1,1,1,1,1,1,1,1,1,1,1,1,1,1,1,1,1,1,1,1,0.899999976158142,1,1,1,1,1,1,1,0.899999976158142,1,1,1,1,1,1,1,1,1,1,1,1,1,1,1,1,1,1,1,1,1
		} 
		Transform: *16 {
			a: 1.62920684560087e-07,1.50995788033949e-07,0.999999999999964,0,6.12323399573629e-17,-0.999999999999964,1.50995788033953e-07,0,0.999999999999973,-2.4539104812224e-14,-1.62920684560085e-07,0,-8.47289276123024,-0.227768599986813,1.41480380500184e-06,1
		} 
		TransformLink: *16 {
			a: 1.62920684560091e-07,1,0,0,1.50995788033956e-07,-2.46003371521825e-14,1.00000000000001,0,0.999999999999986,-1.62920684560089e-07,-1.50995788033956e-07,0,-2.21689355241195e-12,56.4929504394531,0.22776859998703,1
		} 
	}
	Deformer: 2896790141984, "SubDeformer::", "Cluster" {
		Version: 100
		UserData: "", ""
		Transform: *16 {
			a: -0.881641051958001,-0.35501562133334,-0.310922615817189,0,0.276982992038732,-0.922700641502846,0.268148957824034,0,-0.38208554927285,0.150290848538025,0.911824180212525,0,-9.3728638407018,0.697532199286099,19.0340876793808,1
		} 
		TransformLink: *16 {
			a: -0.881641149520874,-0.382085591554642,-0.276983022689819,0,-0.355015655281804,0.150290862909627,0.922700729736343,0,-0.310922593359573,0.911824114352416,-0.268148938455914,0,-2.09773969650269,26.9782485961914,1.86423277854919,1
		} 
	}
	Deformer: 2896790141248, "SubDeformer::", "Cluster" {
		Version: 100
		UserData: "", ""
		Transform: *16 {
			a: -0.965035164486687,-0.0316050497581627,-0.260208018407885,0,0.0330068456860312,-0.99945472161978,-0.00101825822763685,0,-0.260033925707132,-0.00957130254420754,0.965552005070291,0,-13.1022107422356,-0.681579555931836,20.5951475843835,1
		} 
		TransformLink: *16 {
			a: -0.965035200119019,-0.260033935308456,-0.0330068469047546,0,-0.0316050425025715,-0.00957130034691766,0.999454492174332,0,-0.26020803813456,0.965552078269918,0.00101825830483226,0,-7.30661296844482,24.7208271026611,0.227773904800415,1
		} 
	}
	Deformer: 2896790139040, "SubDeformer::", "Cluster" {
		Version: 100
		UserData: "", ""
		Transform: *16 {
			a: -0.974419573779215,0.027013412849161,-0.22310586198596,0,-0.0284935538916861,-0.999588783297534,0.0034173150258259,0,-0.222921601781282,0.00968698687949733,0.974788202479155,0,-19.1467031233972,0.616891595247777,21.3429510674392,1
		} 
		TransformLink: *16 {
			a: -0.974420130252838,-0.222921729087829,0.0284935701638461,0,0.0270133777889624,0.00968697430693987,0.999587485950122,0,-0.223105874616647,0.974788257664817,-0.00341731521929022,0,-13.9118595123291,22.9410076141357,0.00185640156269073,1
		} 
	}
	Deformer: 2896790133152, "SubDeformer::", "Cluster" {
		Version: 100
		UserData: "", ""
		Transform: *16 {
			a: -0.93230004099628,-0.173960832697521,-0.317122075210067,0,0.0994707365375817,-0.966251926041644,0.237617546430794,0,-0.347761240595651,0.189986384274052,0.918126803119323,0,-31.1750433800527,-1.38766245436274,17.8993177857787,1
		} 
		TransformLink: *16 {
			a: -0.93228542804718,-0.347755789756775,-0.0994691774249077,0,-0.173960835811154,0.189986387674518,0.966251943336075,0,-0.317126725694818,0.918140267129025,-0.237621031009329,0,-23.6290855407715,21.0083084106445,2.49312996864319,1
		} 
	}
	Deformer: 2896790137568, "SubDeformer::", "Cluster" {
		Version: 100
		UserData: "", ""
		Transform: *16 {
			a: -0.962342615702947,-0.0288042460912505,-0.270307526216411,0,-0.0346465410554314,-0.973266169892867,0.227059278662584,0,-0.269621140851424,0.227874786249487,0.935615183610931,0,-28.0719212905072,5.27269060318223,19.3207623818506,1
		} 
		TransformLink: *16 {
			a: -0.962343335151672,-0.269621342420578,0.0346465669572354,0,-0.0288041412367142,0.22787395672925,0.973262626964766,0,-0.270308108308886,0.935617198407062,-0.227059767622323,0,-21.6403923034668,21.1729221343994,0.227850809693336,1
		} 
	}
	Deformer: 2896790143456, "SubDeformer::", "Cluster" {
		Version: 100
		UserData: "", ""
		Transform: *16 {
			a: 0.88164095085802,0.35501601049212,-0.310922577535438,0,0.276983344279471,-0.922700534016722,-0.268149092241292,0,-0.38208564255716,0.150290843161158,-0.9118241316381,0,-9.37286555334536,0.697531960854455,-19.0340866481226,1
		} 
		TransformLink: *16 {
			a: 0.88164097070694,-0.382085651159286,-0.276983350515366,0,0.355016017337334,0.150290846058979,0.922700551807701,0,-0.31092256760809,-0.911824102524756,0.268149083679644,0,2.09774017333984,26.9782485961914,1.86423206329346,1
		} 
	}
	Deformer: 2896790131680, "SubDeformer::", "Cluster" {
		Version: 100
		UserData: "", ""
		Transform: *16 {
			a: 0.965035064537915,0.0316095669587409,-0.260208027189047,0,0.0330106034762252,-0.999454528649084,0.00101482773201032,0,-0.260033976760102,-0.00956896740460953,-0.965552168851543,0,-13.1022099719261,-0.681555474212122,-20.5951522443158,1
		} 
		TransformLink: *16 {
			a: 0.965035021305084,-0.260033965110779,-0.0330106019973755,0,0.0316095642814844,-0.0095689665941404,0.999454443997619,0,-0.260207965243195,-0.965551938989487,-0.00101482749041765,0,7.30661249160767,24.7208271026611,0.227771282196045,1
		} 
	}
	Deformer: 2896790130944, "SubDeformer::", "Cluster" {
		Version: 100
		UserData: "", ""
		Transform: *16 {
			a: 0.974419991531834,-0.0270036274881747,-0.223105289459727,0,-0.0284852204372587,-0.999588940216448,-0.00342479188630804,0,-0.222920841941536,0.00969239493955422,-0.974788612951728,0,-19.1466871981212,0.616919355356033,-21.3429696690111,1
		} 
		TransformLink: *16 {
			a: 0.974420547485352,-0.222920969128609,0.0284852366894484,0,-0.0270035954127579,0.00969238342674509,0.999587752885898,0,-0.223105169133593,-0.974788087224409,0.00342479003923403,0,13.9118576049805,22.9410076141357,0.00182807445526123,1
		} 
	}
	Deformer: 2896790132416, "SubDeformer::", "Cluster" {
		Version: 100
		UserData: "", ""
		Transform: *16 {
			a: 0.962342869374685,0.0288115431609071,-0.270307058243704,0,-0.0346403987228783,-0.973263620962171,-0.227064866277538,0,-0.269621858067914,0.227877752380542,-0.935615733629146,0,-28.0719416579405,5.27270343522532,-19.3207612412666,1
		} 
		TransformLink: *16 {
			a: 0.962343156337738,-0.269621938467026,0.034640409052372,0,0.0288115301687015,0.227877649621915,0.973263182081094,0,-0.270306744620734,-0.935614648083741,0.227064602826195,0,21.6403942108154,21.1729278564453,0.227756395936012,1
		} 
	}
	Deformer: 2896790133888, "SubDeformer::", "Cluster" {
		Version: 100
		UserData: "", ""
		Indexes: *27 {
			a: 104,106,109,110,113,114,121,122,123,124,125,132,134,137,281,282,283,284,285,286,287,288,289,290,292,298,300
		} 
		Weights: *27 {
			a: 1,1,1,1,1,1,0.389876216650009,0.426699489355087,0.412172198295593,0.389068931341171,0.386448711156845,1,1,0.429449647665024,1,0.390965491533279,0.388939440250397,1,1,1,0.425681829452515,0.411111444234848,1,1,1,0.429620712995529,0.351318180561066
		} 
		Transform: *16 {
			a: 1.62920684560087e-07,1.50995788033949e-07,0.999999999999964,0,6.12323399573629e-17,-0.999999999999964,1.50995788033953e-07,0,0.999999999999973,-2.4539104812224e-14,-1.62920684560085e-07,0,7.68097734451274,2.37915325164768,-1.61063004709476e-06,1
		} 
		TransformLink: *16 {
			a: 1.62920684560091e-07,1,0,0,1.50995788033956e-07,-2.46003371521825e-14,1.00000000000001,0,0.999999999999986,-1.62920684560089e-07,-1.50995788033956e-07,0,-2.1600499167107e-12,7.91906309127808,-2.37915325164795,1
		} 
	}
	Deformer: 2896790135360, "SubDeformer::", "Cluster" {
		Version: 100
		UserData: "", ""
		Indexes: *24 {
			a: 116,117,118,119,120,121,122,123,124,125,136,137,279,282,283,287,288,294,295,297,298,299,300,301
		} 
		Weights: *24 {
			a: 0.499238699674606,0.499280780553818,0.499475002288818,0.499574601650238,0.499703854322433,0.610123813152313,0.573300540447235,0.587827861309052,0.610931098461151,0.613551259040833,0.499354749917984,0.570550322532654,0.499691247940063,0.609034538269043,0.611060559749603,0.574318170547485,0.588888585567474,0.499676436185837,0.499413907527924,0.499538987874985,0.570379316806793,0.499620318412781,0.648681879043579,0.499393433332443
		} 
		Transform: *16 {
			a: -3.23077905407815e-15,1.50995982856926e-07,0.999999999999977,0,-0.153323718598852,-0.988176043844345,1.49210604078115e-07,0,0.988176043844367,-0.153323718598849,2.31512674739763e-08,0,7.95493842881822,1.17334623897864,-1.77168372858513e-07,1
		} 
		TransformLink: *16 {
			a: -3.23077887538816e-15,0.988175988197327,0.153323709964752,0,1.50995974353911e-07,-0.153323709964752,0.988175988197326,0,1,2.31512674739769e-08,-1.49210604078118e-07,0,-2.1600499167107e-12,7.91906309127808,-2.37915325164795,1
		} 
	}
	Deformer: 2896790138304, "SubDeformer::", "Cluster" {
		Version: 100
		UserData: "", ""
		Indexes: *58 {
			a: 105,107,108,111,112,115,116,117,118,119,120,126,127,128,129,130,131,133,135,136,138,139,140,141,145,146,147,148,149,150,163,269,270,271,272,273,274,275,276,277,278,279,280,291,293,294,295,296,297,299,301,302,303,304,305,306,307,312
		} 
		Weights: *58 {
			a: 0.5,0.5,0.5,0.5,0.5,0.5,0.500761330127716,0.50071918964386,0.500524997711182,0.500425398349762,0.500296175479889,0.5,0.5,0.5,0.5,0.5,0.5,0.5,0.5,0.500645279884338,0.5,0.5,0.5,0.5,0.5,0.5,0.5,0.5,0.5,0.5,0.5,0.5,0.5,0.5,0.5,0.5,0.5,0.5,0.5,0.5,0.5,0.500308752059937,0.5,0.5,0.5,0.500323593616486,0.500586152076721,0.5,0.500461041927338,0.500379681587219,0.500606536865234,0.5,0.5,0.5,0.5,0.5,0.5,0.5
		} 
		Transform: *16 {
